32
64
128
256
512
1024
2048
256
512
1024
2048
4096
512
1024
2048
4096
8192
1024
2048
4096
8192
16384
2048
4096
8192
16384
32768
160
288
544
1056
2080
320
576
1088
2112
4160
640
1152
2176
4224
8320
1280
2304
4352
8448
16640
2560
4608
8704
16896
33280
224
352
608
1120
2144
448
704
1216
2240
4288
896
1408
2432
4480
8576
1792
2816
4864
8960
17152
3548
5596
9692
17884
34268
352
480
736
1248
2272
704
960
1472
2496
4544
1408
1920
2944
4992
9088
2824
3848
5896
9992
18184
5648
7696
11792
19984
36368
608
736
992
1504
2528
1216
1472
1984
3008
5056
2412
2924
3948
5996
10092
4824
5848
7896
11992
20184
9748
11796
15892
24084
40468
32
64
128
256
512
1024
2048
256
512
1024
2048
4096
512
1024
2048
4096
8192
1024
2048
4096
8192
16384
2048
4096
8192
16384
32768
160
288
544
1056
2080
320
576
1088
2112
4160
640
1152
2176
4224
8320
1280
2304
4352
8448
16640
2560
4608
8704
16896
33280
224
352
608
1120
2144
448
704
1216
2240
4288
896
1408
2432
4480
8576
1792
2816
4864
8960
17152
3548
5596
9692
17884
34268
352
480
736
1248
2272
704
960
1472
2496
4544
1408
1920
2944
4992
9088
2824
3848
5896
9992
18184
5648
7696
11792
19984
36368
608
736
992
1504
2528
1216
1472
1984
3008
5056
2412
2924
3948
5996
10092
4824
5848
7896
11992
20184
9748
11796
15892
24084
40468
64
128
256
512
1024
2048
256
512
1024
2048
4096
512
1024
2048
4096
8192
1024
2048
4096
8192
16384
2048
4096
8192
16384
32768
160
288
544
1056
2080
320
576
1088
2112
4160
640
1152
2176
4224
8320
1280
2304
4352
8448
16640
2560
4608
8704
16896
33280
608
736
992
1504
2528
1216
1472
1984
3008
5056
2412
2924
3948
5996
10092
4824
5848
7896
11992
20184
9748
11796
15892
24084
40468
352
480
736
1248
2272
704
960
1472
2496
4544
1408
1920
2944
4992
9088
2824
3848
5896
9992
18184
5648
7696
11792
19984
36368
224
352
608
1120
2144
448
704
1216
2240
4288
896
1408
2432
4480
8576
1792
2816
4864
8960
17152
3548
5596
9692
17884
34268
32
64
128
256
512
1024
2048
256
512
1024
2048
4096
512
1024
2048
4096
8192
1024
2048
4096
8192
16384
2048
4096
8192
16384
32768
161900
161900
161900
161900
161900
162028
162028
162028
162028
162028
162284
162284
162284
162284
162284
162796
162796
162796
162796
162796
163820
163820
163820
163820
163820
161900
161900
161900
161900
161900
162028
162028
162028
162028
162028
162284
162284
162284
162284
162284
162796
162796
162796
162796
162796
163820
163820
163820
163820
163820
161900
161900
161900
161900
161900
162028
162028
162028
162028
162028
162284
162284
162284
162284
162284
162796
162796
162796
162796
162796
163820
163820
163820
163820
163820
161900
161900
161900
161900
161900
162028
162028
162028
162028
162028
162284
162284
162284
162284
162284
162796
162796
162796
162796
162796
163820
163820
163820
163820
163820
161900
161900
161900
161900
161900
162028
162028
162028
162028
162028
162284
162284
162284
162284
162284
162796
162796
162796
162796
162796
163820
163820
163820
163820
163820
161900
161900
161900
161900
161900
162028
162028
162028
162028
162028
162284
162284
162284
162284
162284
162796
162796
162796
162796
162796
163820
163820
163820
163820
163820
-1
-1
-1
-1
-1
-1
-1
-1
-1
-1
-1
-1
-1
-1
-1
-1
-1
-1
-1
-1
-1
-1
-1
-1
-1
-1
-1
-1
-1
-1
-1
-1
-1
-1
-1
-1
-1
-1
-1
-1
-1
-1
-1
-1
-1
-1
-1
-1
-1
-1
161900
161900
161900
161900
161900
162028
162028
162028
162028
162028
162284
162284
162284
162284
162284
162796
162796
162796
162796
162796
163820
163820
163820
163820
163820
161900
161900
161900
161900
161900
162028
162028
162028
162028
162028
162284
162284
162284
162284
162284
162796
162796
162796
162796
162796
163820
163820
163820
163820
163820
161900
161900
161900
161900
161900
162028
162028
162028
162028
162028
162284
162284
162284
162284
162284
162796
162796
162796
162796
162796
163820
163820
163820
163820
163820
161900
161900
161900
161900
161900
162028
162028
162028
162028
162028
162284
162284
162284
162284
162284
162796
162796
162796
162796
162796
163820
163820
163820
163820
163820
161900
161900
161900
161900
161900
162028
162028
162028
162028
162028
162284
162284
162284
162284
162284
162796
162796
162796
162796
162796
163820
163820
163820
163820
163820
96
128
256
512
1024
2048
4096
512
1024
2048
4096
8192
1024
2048
4096
8192
16384
2048
4096
8192
16384
32768
4096
8192
16384
32768
65536
162028
162284
162796
163820
165868
162284
162796
163820
165868
169964
162796
163820
165868
169964
178156
163820
165868
169964
178156
194540
165868
169964
178156
194540
227308
32
64
128
256
512
1024
2048
256
512
1024
2048
4096
512
1024
2048
4096
8192
1024
2048
4096
8192
16384
2048
4096
8192
16384
32768
64
128
256
512
1024
2048
4096
512
1024
2048
4096
8192
1024
2048
4096
8192
16384
2048
4096
8192
16384
32768
4096
8192
16384
32768
65536
32
64
128
256
512
1024
2048
256
512
1024
2048
4096
512
1024
2048
4096
8192
1024
2048
4096
8192
16384
2048
4096
8192
16384
32768
128
256
512
1024
2048
256
512
1024
2048
4096
512
1024
2048
4096
8192
1024
2048
4096
8192
16384
2048
4096
8192
16384
32768
256
512
1024
2048
4096
512
1024
2048
4096
8192
1024
2048
4096
8192
16384
2048
4096
8192
16384
32768
4096
8192
16384
32768
65536
128
256
512
1024
2048
256
512
1024
2048
4096
512
1024
2048
4096
8192
1024
2048
4096
8192
16384
2048
4096
8192
16384
32768
128
256
512
1024
2048
256
512
1024
2048
4096
512
1024
2048
4096
8192
1024
2048
4096
8192
16384
2048
4096
8192
16384
32768
256
512
1024
2048
4096
512
1024
2048
4096
8192
1024
2048
4096
8192
16384
2048
4096
8192
16384
32768
4096
8192
16384
32768
65536
128
256
512
1024
2048
256
512
1024
2048
4096
512
1024
2048
4096
8192
1024
2048
4096
8192
16384
2048
4096
8192
16384
32768
160
288
544
1056
2080
320
576
1088
2112
4160
640
1152
2176
4224
8320
1280
2304
4352
8448
16640
2560
4608
8704
16896
33280
320
576
1088
2112
4160
640
1152
2176
4224
8320
1280
2304
4352
8448
16640
2560
4608
8704
16896
33280
5096
9192
17384
33768
66536
160
288
544
1056
2080
320
576
1088
2112
4160
640
1152
2176
4224
8320
1280
2304
4352
8448
16640
2560
4608
8704
16896
33280
224
352
608
1120
2144
448
704
1216
2240
4288
896
1408
2432
4480
8576
1792
2816
4864
8960
17152
3548
5596
9692
17884
34268
448
704
1216
2240
4288
896
1408
2432
4480
8576
1792
2816
4864
8960
17152
3548
5596
9692
17884
34268
7196
11292
19484
35868
68636
224
352
608
1120
2144
448
704
1216
2240
4288
896
1408
2432
4480
8576
1792
2816
4864
8960
17152
3548
5596
9692
17884
34268
352
480
736
1248
2272
704
960
1472
2496
4544
1408
1920
2944
4992
9088
2824
3848
5896
9992
18184
5648
7696
11792
19984
36368
704
960
1472
2496
4544
1408
1920
2944
4992
9088
2824
3848
5896
9992
18184
5648
7696
11792
19984
36368
11296
15392
23584
39968
72736
352
480
736
1248
2272
704
960
1472
2496
4544
1408
1920
2944
4992
9088
2824
3848
5896
9992
18184
5648
7696
11792
19984
36368
352
480
736
1248
2272
704
960
1472
2496
4544
1408
1920
2944
4992
9088
2824
3848
5896
9992
18184
5648
7696
11792
19984
36368
704
960
1472
2496
4544
1408
1920
2944
4992
9088
2824
3848
5896
9992
18184
5648
7696
11792
19984
36368
11296
15392
23584
39968
72736
352
480
736
1248
2272
704
960
1472
2496
4544
1408
1920
2944
4992
9088
2824
3848
5896
9992
18184
5648
7696
11792
19984
36368
608
736
992
1504
2528
1216
1472
1984
3008
5056
2412
2924
3948
5996
10092
4824
5848
7896
11992
20184
9748
11796
15892
24084
40468
1216
1472
1984
3008
5056
2412
2924
3948
5996
10092
4824
5848
7896
11992
20184
9748
11796
15892
24084
40468
19496
23592
31784
48168
80936
608
736
992
1504
2528
1216
1472
1984
3008
5056
2412
2924
3948
5996
10092
4824
5848
7896
11992
20184
9748
11796
15892
24084
40468
32
64
128
256
512
1024
2048
256
512
1024
2048
4096
512
1024
2048
4096
8192
1024
2048
4096
8192
16384
2048
4096
8192
16384
32768
64
128
256
512
1024
2048
4096
512
1024
2048
4096
8192
1024
2048
4096
8192
16384
2048
4096
8192
16384
32768
4096
8192
16384
32768
65536
32
64
128
256
512
1024
2048
256
512
1024
2048
4096
512
1024
2048
4096
8192
1024
2048
4096
8192
16384
2048
4096
8192
16384
32768
128
256
512
1024
2048
256
512
1024
2048
4096
512
1024
2048
4096
8192
1024
2048
4096
8192
16384
2048
4096
8192
16384
32768
256
512
1024
2048
4096
512
1024
2048
4096
8192
1024
2048
4096
8192
16384
2048
4096
8192
16384
32768
4096
8192
16384
32768
65536
128
256
512
1024
2048
256
512
1024
2048
4096
512
1024
2048
4096
8192
1024
2048
4096
8192
16384
2048
4096
8192
16384
32768
128
256
512
1024
2048
256
512
1024
2048
4096
512
1024
2048
4096
8192
1024
2048
4096
8192
16384
2048
4096
8192
16384
32768
256
512
1024
2048
4096
512
1024
2048
4096
8192
1024
2048
4096
8192
16384
2048
4096
8192
16384
32768
4096
8192
16384
32768
65536
128
256
512
1024
2048
256
512
1024
2048
4096
512
1024
2048
4096
8192
1024
2048
4096
8192
16384
2048
4096
8192
16384
32768
160
288
544
1056
2080
320
576
1088
2112
4160
640
1152
2176
4224
8320
1280
2304
4352
8448
16640
2560
4608
8704
16896
33280
320
576
1088
2112
4160
640
1152
2176
4224
8320
1280
2304
4352
8448
16640
2560
4608
8704
16896
33280
5096
9192
17384
33768
66536
160
288
544
1056
2080
320
576
1088
2112
4160
640
1152
2176
4224
8320
1280
2304
4352
8448
16640
2560
4608
8704
16896
33280
224
352
608
1120
2144
448
704
1216
2240
4288
896
1408
2432
4480
8576
1792
2816
4864
8960
17152
3548
5596
9692
17884
34268
448
704
1216
2240
4288
896
1408
2432
4480
8576
1792
2816
4864
8960
17152
3548
5596
9692
17884
34268
7196
11292
19484
35868
68636
224
352
608
1120
2144
448
704
1216
2240
4288
896
1408
2432
4480
8576
1792
2816
4864
8960
17152
3548
5596
9692
17884
34268
352
480
736
1248
2272
704
960
1472
2496
4544
1408
1920
2944
4992
9088
2824
3848
5896
9992
18184
5648
7696
11792
19984
36368
704
960
1472
2496
4544
1408
1920
2944
4992
9088
2824
3848
5896
9992
18184
5648
7696
11792
19984
36368
11296
15392
23584
39968
72736
352
480
736
1248
2272
704
960
1472
2496
4544
1408
1920
2944
4992
9088
2824
3848
5896
9992
18184
5648
7696
11792
19984
36368
352
480
736
1248
2272
704
960
1472
2496
4544
1408
1920
2944
4992
9088
2824
3848
5896
9992
18184
5648
7696
11792
19984
36368
704
960
1472
2496
4544
1408
1920
2944
4992
9088
2824
3848
5896
9992
18184
5648
7696
11792
19984
36368
11296
15392
23584
39968
72736
352
480
736
1248
2272
704
960
1472
2496
4544
1408
1920
2944
4992
9088
2824
3848
5896
9992
18184
5648
7696
11792
19984
36368
608
736
992
1504
2528
1216
1472
1984
3008
5056
2412
2924
3948
5996
10092
4824
5848
7896
11992
20184
9748
11796
15892
24084
40468
1216
1472
1984
3008
5056
2412
2924
3948
5996
10092
4824
5848
7896
11992
20184
9748
11796
15892
24084
40468
19496
23592
31784
48168
80936
608
736
992
1504
2528
1216
1472
1984
3008
5056
2412
2924
3948
5996
10092
4824
5848
7896
11992
20184
9748
11796
15892
24084
40468
32
64
128
256
512
1024
2048
256
512
1024
2048
4096
512
1024
2048
4096
8192
1024
2048
4096
8192
16384
2048
4096
8192
16384
32768
64
128
256
512
1024
2048
4096
512
1024
2048
4096
8192
1024
2048
4096
8192
16384
2048
4096
8192
16384
32768
4096
8192
16384
32768
65536
32
64
128
256
512
1024
2048
256
512
1024
2048
4096
512
1024
2048
4096
8192
1024
2048
4096
8192
16384
2048
4096
8192
16384
32768
128
256
512
1024
2048
256
512
1024
2048
4096
512
1024
2048
4096
8192
1024
2048
4096
8192
16384
2048
4096
8192
16384
32768
256
512
1024
2048
4096
512
1024
2048
4096
8192
1024
2048
4096
8192
16384
2048
4096
8192
16384
32768
4096
8192
16384
32768
65536
128
256
512
1024
2048
256
512
1024
2048
4096
512
1024
2048
4096
8192
1024
2048
4096
8192
16384
2048
4096
8192
16384
32768
128
256
512
1024
2048
256
512
1024
2048
4096
512
1024
2048
4096
8192
1024
2048
4096
8192
16384
2048
4096
8192
16384
32768
256
512
1024
2048
4096
512
1024
2048
4096
8192
1024
2048
4096
8192
16384
2048
4096
8192
16384
32768
4096
8192
16384
32768
65536
128
256
512
1024
2048
256
512
1024
2048
4096
512
1024
2048
4096
8192
1024
2048
4096
8192
16384
2048
4096
8192
16384
32768
160
288
544
1056
2080
320
576
1088
2112
4160
640
1152
2176
4224
8320
1280
2304
4352
8448
16640
2560
4608
8704
16896
33280
320
576
1088
2112
4160
640
1152
2176
4224
8320
1280
2304
4352
8448
16640
2560
4608
8704
16896
33280
5096
9192
17384
33768
66536
160
288
544
1056
2080
320
576
1088
2112
4160
640
1152
2176
4224
8320
1280
2304
4352
8448
16640
2560
4608
8704
16896
33280
224
352
608
1120
2144
448
704
1216
2240
4288
896
1408
2432
4480
8576
1792
2816
4864
8960
17152
3548
5596
9692
17884
34268
448
704
1216
2240
4288
896
1408
2432
4480
8576
1792
2816
4864
8960
17152
3548
5596
9692
17884
34268
7196
11292
19484
35868
68636
224
352
608
1120
2144
448
704
1216
2240
4288
896
1408
2432
4480
8576
1792
2816
4864
8960
17152
3548
5596
9692
17884
34268
352
480
736
1248
2272
704
960
1472
2496
4544
1408
1920
2944
4992
9088
2824
3848
5896
9992
18184
5648
7696
11792
19984
36368
704
960
1472
2496
4544
1408
1920
2944
4992
9088
2824
3848
5896
9992
18184
5648
7696
11792
19984
36368
11296
15392
23584
39968
72736
352
480
736
1248
2272
704
960
1472
2496
4544
1408
1920
2944
4992
9088
2824
3848
5896
9992
18184
5648
7696
11792
19984
36368
352
480
736
1248
2272
704
960
1472
2496
4544
1408
1920
2944
4992
9088
2824
3848
5896
9992
18184
5648
7696
11792
19984
36368
704
960
1472
2496
4544
1408
1920
2944
4992
9088
2824
3848
5896
9992
18184
5648
7696
11792
19984
36368
11296
15392
23584
39968
72736
352
480
736
1248
2272
704
960
1472
2496
4544
1408
1920
2944
4992
9088
2824
3848
5896
9992
18184
5648
7696
11792
19984
36368
608
736
992
1504
2528
1216
1472
1984
3008
5056
2412
2924
3948
5996
10092
4824
5848
7896
11992
20184
9748
11796
15892
24084
40468
1216
1472
1984
3008
5056
2412
2924
3948
5996
10092
4824
5848
7896
11992
20184
9748
11796
15892
24084
40468
19496
23592
31784
48168
80936
608
736
992
1504
2528
1216
1472
1984
3008
5056
2412
2924
3948
5996
10092
4824
5848
7896
11992
20184
9748
11796
15892
24084
40468
160
288
544
1056
2080
320
576
1088
2112
4160
640
1152
2176
4224
8320
1280
2304
4352
8448
16640
2560
4608
8704
16896
33280
320
576
1088
2112
4160
640
1152
2176
4224
8320
1280
2304
4352
8448
16640
2560
4608
8704
16896
33280
5120
9216
17408
33792
66560
160
288
544
1056
2080
320
576
1088
2112
4160
640
1152
2176
4224
8320
1280
2304
4352
8448
16640
2560
4608
8704
16896
33280
160
288
544
1056
2080
320
576
1088
2112
4160
640
1152
2176
4224
8320
1280
2304
4352
8448
16640
2560
4608
8704
16896
33280
320
576
1088
2112
4160
640
1152
2176
4224
8320
1280
2304
4352
8448
16640
2560
4608
8704
16896
33280
5120
9216
17408
33792
66560
160
288
544
1056
2080
320
576
1088
2112
4160
640
1152
2176
4224
8320
1280
2304
4352
8448
16640
2560
4608
8704
16896
33280
160
288
544
1056
2080
320
576
1088
2112
4160
640
1152
2176
4224
8320
1280
2304
4352
8448
16640
2560
4608
8704
16896
33280
320
576
1088
2112
4160
640
1152
2176
4224
8320
1280
2304
4352
8448
16640
2560
4608
8704
16896
33280
5120
9216
17408
33792
66560
160
288
544
1056
2080
320
576
1088
2112
4160
640
1152
2176
4224
8320
1280
2304
4352
8448
16640
2560
4608
8704
16896
33280
128
256
512
1024
2048
256
512
1024
2048
4096
512
1024
2048
4096
8192
1024
2048
4096
8192
16384
2048
4096
8192
16384
32768
128
256
512
1024
2048
256
512
1024
2048
4096
512
1024
2048
4096
8192
1024
2048
4096
8192
16384
2048
4096
8192
16384
32768
128
256
512
1024
2048
256
512
1024
2048
4096
512
1024
2048
4096
8192
1024
2048
4096
8192
16384
2048
4096
8192
16384
32768
128
256
512
1024
2048
256
512
1024
2048
4096
512
1024
2048
4096
8192
1024
2048
4096
8192
16384
2048
4096
8192
16384
32768
128
256
512
1024
2048
256
512
1024
2048
4096
512
1024
2048
4096
8192
1024
2048
4096
8192
16384
2048
4096
8192
16384
32768
128
256
512
1024
2048
256
512
1024
2048
4096
512
1024
2048
4096
8192
1024
2048
4096
8192
16384
2048
4096
8192
16384
32768
128
256
512
1024
2048
256
512
1024
2048
4096
512
1024
2048
4096
8192
1024
2048
4096
8192
16384
2048
4096
8192
16384
32768
128
256
512
1024
2048
256
512
1024
2048
4096
512
1024
2048
4096
8192
1024
2048
4096
8192
16384
2048
4096
8192
16384
32768
128
256
512
1024
2048
256
512
1024
2048
4096
512
1024
2048
4096
8192
1024
2048
4096
8192
16384
2048
4096
8192
16384
32768
128
256
512
1024
2048
256
512
1024
2048
4096
512
1024
2048
4096
8192
1024
2048
4096
8192
16384
2048
4096
8192
16384
32768
128
256
512
1024
2048
256
512
1024
2048
4096
512
1024
2048
4096
8192
1024
2048
4096
8192
16384
2048
4096
8192
16384
32768
128
256
512
1024
2048
256
512
1024
2048
4096
512
1024
2048
4096
8192
1024
2048
4096
8192
16384
2048
4096
8192
16384
32768
128
256
512
1024
2048
256
512
1024
2048
4096
512
1024
2048
4096
8192
1024
2048
4096
8192
16384
2048
4096
8192
16384
32768
128
256
512
1024
2048
256
512
1024
2048
4096
512
1024
2048
4096
8192
1024
2048
4096
8192
16384
2048
4096
8192
16384
32768
128
256
512
1024
2048
256
512
1024
2048
4096
512
1024
2048
4096
8192
1024
2048
4096
8192
16384
2048
4096
8192
16384
32768
128
256
512
1024
2048
256
512
1024
2048
4096
512
1024
2048
4096
8192
1024
2048
4096
8192
16384
2048
4096
8192
16384
32768
128
256
512
1024
2048
256
512
1024
2048
4096
512
1024
2048
4096
8192
1024
2048
4096
8192
16384
2048
4096
8192
16384
32768
128
256
512
1024
2048
256
512
1024
2048
4096
512
1024
2048
4096
8192
1024
2048
4096
8192
16384
2048
4096
8192
16384
32768
128
256
512
1024
2048
256
512
1024
2048
4096
512
1024
2048
4096
8192
1024
2048
4096
8192
16384
2048
4096
8192
16384
32768
128
256
512
1024
2048
256
512
1024
2048
4096
512
1024
2048
4096
8192
1024
2048
4096
8192
16384
2048
4096
8192
16384
32768
256
512
1024
2048
4096
8192
1024
2048
4096
8192
16384
2048
4096
8192
16384
32768
4096
8192
16384
32768
65536
8192
16384
32768
65536
131072
512
1024
2048
4096
8192
1024
2048
4096
8192
16384
2048
4096
8192
16384
32768
4096
8192
16384
32768
65536
8192
16384
32768
65536
131072
512
1024
2048
4096
8192
1024
2048
4096
8192
16384
2048
4096
8192
16384
32768
4096
8192
16384
32768
65536
8192
16384
32768
65536
131072
640
1152
2176
4224
8320
1280
2304
4352
8448
16640
2560
4608
8704
16896
33280
5096
9192
17384
33768
66536
10192
18384
34768
67536
133072
896
1408
2432
4480
8576
1792
2816
4864
8960
17152
3548
5596
9692
17884
34268
7196
11292
19484
35868
68636
14292
22484
38868
71636
137172
1408
1920
2944
4992
9088
2824
3848
5896
9992
18184
5648
7696
11792
19984
36368
11296
15392
23584
39968
72736
22492
30684
47068
79836
145372
2412
2924
3948
5996
10092
4824
5848
7896
11992
20184
9748
11796
15892
24084
40468
19496
23592
31784
48168
80936
38692
46884
63268
96036
161572
256
512
1024
2048
4096
8192
1024
2048
4096
8192
16384
2048
4096
8192
16384
32768
4096
8192
16384
32768
65536
8192
16384
32768
65536
131072
512
1024
2048
4096
8192
1024
2048
4096
8192
16384
2048
4096
8192
16384
32768
4096
8192
16384
32768
65536
8192
16384
32768
65536
131072
384
768
1536
3072
6144
768
1536
3072
6144
12288
1536
3072
6144
12288
24576
3072
6144
12288
24576
49152
6144
12288
24576
49152
98304
640
1152
2176
4224
8320
1280
2304
4352
8448
16640
2560
4608
8704
16896
33280
5096
9192
17384
33768
66536
10192
18384
34768
67536
133072
896
1408
2432
4480
8576
1792
2816
4864
8960
17152
3548
5596
9692
17884
34268
7196
11292
19484
35868
68636
14292
22484
38868
71636
137172
1408
1920
2944
4992
9088
2824
3848
5896
9992
18184
5648
7696
11792
19984
36368
11296
15392
23584
39968
72736
22492
30684
47068
79836
145372
2412
2924
3948
5996
10092
4824
5848
7896
11992
20184
9748
11796
15892
24084
40468
19496
23592
31784
48168
80936
38692
46884
63268
96036
161572
192
384
768
1536
3072
6144
768
1536
3072
6144
12288
1536
3072
6144
12288
24576
3072
6144
12288
24576
49152
6144
12288
24576
49152
98304
512
1024
2048
4096
8192
1024
2048
4096
8192
16384
2048
4096
8192
16384
32768
4096
8192
16384
32768
65536
8192
16384
32768
65536
131072
512
1024
2048
4096
8192
1024
2048
4096
8192
16384
2048
4096
8192
16384
32768
4096
8192
16384
32768
65536
8192
16384
32768
65536
131072
480
864
1632
3168
6240
960
1728
3264
6336
12480
1920
3456
6528
12672
24960
3840
6912
13056
25344
49920
7644
13788
26076
50652
99804
896
1408
2432
4480
8576
1792
2816
4864
8960
17152
3548
5596
9692
17884
34268
7196
11292
19484
35868
68636
14292
22484
38868
71636
137172
1408
1920
2944
4992
9088
2824
3848
5896
9992
18184
5648
7696
11792
19984
36368
11296
15392
23584
39968
72736
22492
30684
47068
79836
145372
1784
2168
2936
4472
7544
3668
4436
5972
9044
15188
7336
8872
11944
18088
30376
14572
17644
23788
36076
60652
29044
35188
47476
72052
121204
96
192
384
768
1536
3072
6144
768
1536
3072
6144
12288
1536
3072
6144
12288
24576
3072
6144
12288
24576
49152
6144
12288
24576
49152
98304
512
1024
2048
4096
8192
1024
2048
4096
8192
16384
2048
4096
8192
16384
32768
4096
8192
16384
32768
65536
8192
16384
32768
65536
131072
512
1024
2048
4096
8192
1024
2048
4096
8192
16384
2048
4096
8192
16384
32768
4096
8192
16384
32768
65536
8192
16384
32768
65536
131072
480
864
1632
3168
6240
960
1728
3264
6336
12480
1920
3456
6528
12672
24960
3840
6912
13056
25344
49920
7644
13788
26076
50652
99804
896
1408
2432
4480
8576
1792
2816
4864
8960
17152
3548
5596
9692
17884
34268
7196
11292
19484
35868
68636
14292
22484
38868
71636
137172
1408
1920
2944
4992
9088
2824
3848
5896
9992
18184
5648
7696
11792
19984
36368
11296
15392
23584
39968
72736
22492
30684
47068
79836
145372
2412
2924
3948
5996
10092
4824
5848
7896
11992
20184
9748
11796
15892
24084
40468
19496
23592
31784
48168
80936
38692
46884
63268
96036
161572
192
384
768
1536
3072
6144
768
1536
3072
6144
12288
1536
3072
6144
12288
24576
3072
6144
12288
24576
49152
6144
12288
24576
49152
98304
512
1024
2048
4096
8192
1024
2048
4096
8192
16384
2048
4096
8192
16384
32768
4096
8192
16384
32768
65536
8192
16384
32768
65536
131072
512
1024
2048
4096
8192
1024
2048
4096
8192
16384
2048
4096
8192
16384
32768
4096
8192
16384
32768
65536
8192
16384
32768
65536
131072
480
864
1632
3168
6240
960
1728
3264
6336
12480
1920
3456
6528
12672
24960
3840
6912
13056
25344
49920
7644
13788
26076
50652
99804
896
1408
2432
4480
8576
1792
2816
4864
8960
17152
3548
5596
9692
17884
34268
7196
11292
19484
35868
68636
14292
22484
38868
71636
137172
1408
1920
2944
4992
9088
2824
3848
5896
9992
18184
5648
7696
11792
19984
36368
11296
15392
23584
39968
72736
22492
30684
47068
79836
145372
1784
2168
2936
4472
7544
3668
4436
5972
9044
15188
7336
8872
11944
18088
30376
14572
17644
23788
36076
60652
29044
35188
47476
72052
121204
192
384
768
1536
3072
6144
768
1536
3072
6144
12288
1536
3072
6144
12288
24576
3072
6144
12288
24576
49152
6144
12288
24576
49152
98304
512
1024
2048
4096
8192
1024
2048
4096
8192
16384
2048
4096
8192
16384
32768
4096
8192
16384
32768
65536
8192
16384
32768
65536
131072
512
1024
2048
4096
8192
1024
2048
4096
8192
16384
2048
4096
8192
16384
32768
4096
8192
16384
32768
65536
8192
16384
32768
65536
131072
480
864
1632
3168
6240
960
1728
3264
6336
12480
1920
3456
6528
12672
24960
3840
6912
13056
25344
49920
7644
13788
26076
50652
99804
896
1408
2432
4480
8576
1792
2816
4864
8960
17152
3548
5596
9692
17884
34268
7196
11292
19484
35868
68636
14292
22484
38868
71636
137172
1408
1920
2944
4992
9088
2824
3848
5896
9992
18184
5648
7696
11792
19984
36368
11296
15392
23584
39968
72736
22492
30684
47068
79836
145372
2412
2924
3948
5996
10092
4824
5848
7896
11992
20184
9748
11796
15892
24084
40468
19496
23592
31784
48168
80936
38692
46884
63268
96036
161572
192
384
768
1536
3072
6144
768
1536
3072
6144
12288
1536
3072
6144
12288
24576
3072
6144
12288
24576
49152
6144
12288
24576
49152
98304
512
1024
2048
4096
8192
1024
2048
4096
8192
16384
2048
4096
8192
16384
32768
4096
8192
16384
32768
65536
8192
16384
32768
65536
131072
512
1024
2048
4096
8192
1024
2048
4096
8192
16384
2048
4096
8192
16384
32768
4096
8192
16384
32768
65536
8192
16384
32768
65536
131072
480
864
1632
3168
6240
960
1728
3264
6336
12480
1920
3456
6528
12672
24960
3840
6912
13056
25344
49920
7644
13788
26076
50652
99804
896
1408
2432
4480
8576
1792
2816
4864
8960
17152
3548
5596
9692
17884
34268
7196
11292
19484
35868
68636
14292
22484
38868
71636
137172
1408
1920
2944
4992
9088
2824
3848
5896
9992
18184
5648
7696
11792
19984
36368
11296
15392
23584
39968
72736
22492
30684
47068
79836
145372
1784
2168
2936
4472
7544
3668
4436
5972
9044
15188
7336
8872
11944
18088
30376
14572
17644
23788
36076
60652
29044
35188
47476
72052
121204
192
384
768
1536
3072
6144
768
1536
3072
6144
12288
1536
3072
6144
12288
24576
3072
6144
12288
24576
49152
6144
12288
24576
49152
98304
512
1024
2048
4096
8192
1024
2048
4096
8192
16384
2048
4096
8192
16384
32768
4096
8192
16384
32768
65536
8192
16384
32768
65536
131072
512
1024
2048
4096
8192
1024
2048
4096
8192
16384
2048
4096
8192
16384
32768
4096
8192
16384
32768
65536
8192
16384
32768
65536
131072
480
864
1632
3168
6240
960
1728
3264
6336
12480
1920
3456
6528
12672
24960
3840
6912
13056
25344
49920
7644
13788
26076
50652
99804
896
1408
2432
4480
8576
1792
2816
4864
8960
17152
3548
5596
9692
17884
34268
7196
11292
19484
35868
68636
14292
22484
38868
71636
137172
1408
1920
2944
4992
9088
2824
3848
5896
9992
18184
5648
7696
11792
19984
36368
11296
15392
23584
39968
72736
22492
30684
47068
79836
145372
1784
2168
2936
4472
7544
3668
4436
5972
9044
15188
7336
8872
11944
18088
30376
14572
17644
23788
36076
60652
29044
35188
47476
72052
121204
192
384
768
1536
3072
6144
768
1536
3072
6144
12288
1536
3072
6144
12288
24576
3072
6144
12288
24576
49152
6144
12288
24576
49152
98304
512
1024
2048
4096
8192
1024
2048
4096
8192
16384
2048
4096
8192
16384
32768
4096
8192
16384
32768
65536
8192
16384
32768
65536
131072
512
1024
2048
4096
8192
1024
2048
4096
8192
16384
2048
4096
8192
16384
32768
4096
8192
16384
32768
65536
8192
16384
32768
65536
131072
480
864
1632
3168
6240
960
1728
3264
6336
12480
1920
3456
6528
12672
24960
3840
6912
13056
25344
49920
7644
13788
26076
50652
99804
672
1056
1824
3360
6432
1344
2112
3648
6720
12864
2636
4172
7244
13388
25676
5372
8444
14588
26876
51452
10744
16888
29176
53752
102904
896
1408
2432
4480
1792
2816
4864
8960
3548
5596
9692
17884
7196
11292
19484
35868
14292
22484
38868
71636
1408
1920
2944
4992
9088
2824
3848
5896
9992
18184
5648
7696
11792
19984
36368
11296
15392
23584
39968
72736
22492
30684
47068
79836
145372
2412
2924
3948
5996
10092
4824
5848
7896
11992
20184
9748
11796
15892
24084
40468
19496
23592
31784
48168
80936
38692
46884
63268
96036
161572
192
384
768
1536
3072
6144
768
1536
3072
6144
12288
1536
3072
6144
12288
24576
3072
6144
12288
24576
49152
6144
12288
24576
49152
98304
512
1024
2048
4096
8192
1024
2048
4096
8192
16384
2048
4096
8192
16384
32768
4096
8192
16384
32768
65536
8192
16384
32768
65536
131072
512
1024
2048
4096
8192
1024
2048
4096
8192
16384
2048
4096
8192
16384
32768
4096
8192
16384
32768
65536
8192
16384
32768
65536
131072
480
864
1632
3168
6240
960
1728
3264
6336
12480
1920
3456
6528
12672
24960
3840
6912
13056
25344
49920
7644
13788
26076
50652
99804
896
1408
2432
4480
8576
1792
2816
4864
8960
17152
3548
5596
9692
17884
34268
7196
11292
19484
35868
68636
14292
22484
38868
71636
137172
1408
1920
2944
4992
9088
2824
3848
5896
9992
18184
5648
7696
11792
19984
36368
11296
15392
23584
39968
72736
22492
30684
47068
79836
145372
1784
2168
2936
4472
7544
3668
4436
5972
9044
15188
7336
8872
11944
18088
30376
14572
17644
23788
36076
60652
29044
35188
47476
72052
121204
192
384
768
1536
3072
6144
768
1536
3072
6144
12288
1536
3072
6144
12288
24576
3072
6144
12288
24576
49152
6144
12288
24576
49152
98304
512
1024
2048
4096
8192
1024
2048
4096
8192
16384
2048
4096
8192
16384
32768
4096
8192
16384
32768
65536
8192
16384
32768
65536
131072
512
1024
2048
4096
8192
1024
2048
4096
8192
16384
2048
4096
8192
16384
32768
4096
8192
16384
32768
65536
8192
16384
32768
65536
131072
640
1152
2176
4224
8320
1280
2304
4352
8448
16640
2560
4608
8704
16896
33280
5096
9192
17384
33768
66536
10192
18384
34768
67536
133072
896
1408
2432
4480
8576
1792
2816
4864
8960
17152
3548
5596
9692
17884
34268
7196
11292
19484
35868
68636
14292
22484
38868
71636
137172
1408
1920
2944
4992
9088
2824
3848
5896
9992
18184
5648
7696
11792
19984
36368
11296
15392
23584
39968
72736
22492
30684
47068
79836
145372
2412
2924
3948
5996
10092
4824
5848
7896
11992
20184
9748
11796
15892
24084
40468
19496
23592
31784
48168
80936
38692
46884
63268
96036
161572
96
192
384
768
1536
3072
6144
768
1536
3072
6144
12288
1536
3072
6144
12288
24576
3072
6144
12288
24576
49152
6144
12288
24576
49152
98304
512
1024
2048
4096
8192
1024
2048
4096
8192
16384
2048
4096
8192
16384
32768
4096
8192
16384
32768
65536
8192
16384
32768
65536
131072
512
1024
2048
4096
8192
1024
2048
4096
8192
16384
2048
4096
8192
16384
32768
4096
8192
16384
32768
65536
8192
16384
32768
65536
131072
480
864
1632
3168
6240
960
1728
3264
6336
12480
1920
3456
6528
12672
24960
3840
6912
13056
25344
49920
7644
13788
26076
50652
99804
896
1408
2432
4480
8576
1792
2816
4864
8960
17152
3548
5596
9692
17884
34268
7196
11292
19484
35868
68636
14292
22484
38868
71636
137172
1408
1920
2944
4992
9088
2824
3848
5896
9992
18184
5648
7696
11792
19984
36368
11296
15392
23584
39968
72736
22492
30684
47068
79836
145372
2412
2924
3948
5996
10092
4824
5848
7896
11992
20184
9748
11796
15892
24084
40468
19496
23592
31784
48168
80936
38692
46884
63268
96036
161572
256
512
1024
2048
4096
8192
1024
2048
4096
8192
16384
2048
4096
8192
16384
32768
4096
8192
16384
32768
65536
8192
16384
32768
65536
131072
512
1024
2048
4096
8192
1024
2048
4096
8192
16384
2048
4096
8192
16384
32768
4096
8192
16384
32768
65536
8192
16384
32768
65536
131072
512
1024
2048
4096
8192
1024
2048
4096
8192
16384
2048
4096
8192
16384
32768
4096
8192
16384
32768
65536
8192
16384
32768
65536
131072
640
1152
2176
4224
8320
1280
2304
4352
8448
16640
2560
4608
8704
16896
33280
5096
9192
17384
33768
66536
10192
18384
34768
67536
133072
896
1408
2432
4480
8576
1792
2816
4864
8960
17152
3548
5596
9692
17884
34268
7196
11292
19484
35868
68636
14292
22484
38868
71636
137172
2412
2924
3948
5996
10092
4824
5848
7896
11992
20184
9748
11796
15892
24084
40468
19496
23592
31784
48168
80936
38692
46884
63268
96036
161572
192
384
768
1536
3072
6144
768
1536
3072
6144
12288
1536
3072
6144
12288
24576
3072
6144
12288
24576
49152
6144
12288
24576
49152
98304
512
1024
2048
4096
8192
1024
2048
4096
8192
16384
2048
4096
8192
16384
32768
4096
8192
16384
32768
65536
8192
16384
32768
65536
131072
512
1024
2048
4096
8192
1024
2048
4096
8192
16384
2048
4096
8192
16384
32768
4096
8192
16384
32768
65536
8192
16384
32768
65536
131072
640
1152
2176
4224
8320
1280
2304
4352
8448
16640
2560
4608
8704
16896
33280
5096
9192
17384
33768
66536
10192
18384
34768
67536
133072
896
1408
2432
4480
8576
1792
2816
4864
8960
17152
3548
5596
9692
17884
34268
7196
11292
19484
35868
68636
14292
22484
38868
71636
137172
1408
1920
2944
4992
9088
2824
3848
5896
9992
18184
5648
7696
11792
19984
36368
11296
15392
23584
39968
72736
22492
30684
47068
79836
145372
2412
2924
3948
5996
10092
4824
5848
7896
11992
20184
9748
11796
15892
24084
40468
19496
23592
31784
48168
80936
38692
46884
63268
96036
161572
192
384
768
1536
3072
6144
768
1536
3072
6144
12288
1536
3072
6144
12288
24576
3072
6144
12288
24576
49152
6144
12288
24576
49152
98304
512
1024
2048
4096
8192
1024
2048
4096
8192
16384
2048
4096
8192
16384
32768
4096
8192
16384
32768
65536
8192
16384
32768
65536
131072
512
1024
2048
4096
8192
1024
2048
4096
8192
16384
2048
4096
8192
16384
32768
4096
8192
16384
32768
65536
8192
16384
32768
65536
131072
672
1056
1824
3360
6432
1344
2112
3648
6720
12864
2636
4172
7244
13388
25676
5372
8444
14588
26876
51452
10744
16888
29176
53752
102904
1408
1920
2944
4992
9088
2824
3848
5896
9992
18184
5648
7696
11792
19984
36368
11296
15392
23584
39968
72736
22492
30684
47068
79836
145372
2412
2924
3948
5996
10092
4824
5848
7896
11992
20184
9748
11796
15892
24084
40468
19496
23592
31784
48168
80936
38692
46884
63268
96036
161572
256
512
1024
2048
4096
8192
1024
2048
4096
8192
16384
2048
4096
8192
16384
32768
4096
8192
16384
32768
65536
8192
16384
32768
65536
131072
512
1024
2048
4096
8192
1024
2048
4096
8192
16384
2048
4096
8192
16384
32768
4096
8192
16384
32768
65536
8192
16384
32768
65536
131072
512
1024
2048
4096
8192
1024
2048
4096
8192
16384
2048
4096
8192
16384
32768
4096
8192
16384
32768
65536
8192
16384
32768
65536
131072
640
1152
2176
4224
8320
1280
2304
4352
8448
16640
2560
4608
8704
16896
33280
5096
9192
17384
33768
66536
10192
18384
34768
67536
133072
896
1408
2432
4480
8576
1792
2816
4864
8960
17152
3548
5596
9692
17884
34268
7196
11292
19484
35868
68636
14292
22484
38868
71636
137172
1408
1920
2944
4992
9088
2824
3848
5896
9992
18184
5648
7696
11792
19984
36368
11296
15392
23584
39968
72736
22492
30684
47068
79836
145372
2412
2924
3948
5996
10092
4824
5848
7896
11992
20184
9748
11796
15892
24084
40468
19496
23592
31784
48168
80936
38892
47084
63468
96236
161772
